  14,598,703    8,395.508   aa                                                              
  13,960,020    6,803.186   tg                                                              
  13,387,849    5,376.688   tt                                                              
  13,295,933    5,147.529   ag                                                              
  13,211,000    4,935.780   ca                                                              
   5,287,689    4,708.660   aaa                                                             
   4,718,489    3,629.932   ttt                                                             
  12,669,621    3,586.050   ct                                                              
  48,164,413    3,557.489   a                                                               
   4,527,905    3,268.743   ctg                                                             
   4,413,747    3,052.395   cag                                                             
   4,026,209    2,317.947   aga                                                             
  12,063,299    2,074.409   cc                                                              
   3,839,900    1,964.860   tgg                                                             
  11,985,228    1,879.767   ga                                                              
   3,746,848    1,788.511   gaa                                                             
   2,105,233    1,742.460   aaaa                                                            
   3,721,345    1,740.179   aag                                                             
   3,708,130    1,715.134   cca                                                             
   3,620,157    1,548.411   cct                                                             
   3,566,355    1,446.447   gag                                                             
   3,532,467    1,382.224   gga                                                             
   3,493,491    1,308.358   tga                                                             
   1,704,649    1,245.882   tttt                                                            
  46,067,212    1,199.779   t                                                               
   3,404,364    1,139.447   tgt                                                             
   3,344,780    1,026.526   agg                                                             
   3,308,163      957.131   tct                                                             
   3,300,518      942.642   ccc                                                             
   3,283,438      910.273   agc                                                             
   1,395,253      862.344   agaa                                                            
   3,257,778      861.643   atg                                                             
   3,254,883      856.156   gcc                                                             
   1,339,998      793.848   cctg                                                            
  11,545,516      783.507   gg                                                              
   3,206,678      764.800   ctt                                                             
   3,205,814      763.162   tca                                                             
   3,198,998      750.245   tgc                                                             
   1,302,146      746.926   ctgg                                                            
   1,291,416      733.624   ccag                                                            
   1,288,507      730.018   gctg                                                            
   3,184,417      722.611   aat                                                             
   1,270,163      707.278   cagc                                                            
   3,175,412      705.545   aca                                                             
   1,266,337      702.535   aaga                                                            
   3,159,963      676.267   att                                                             
   1,237,764      667.115   aaat                                                            
   1,219,294      644.219   gaaa                                                            
   1,213,554      637.104   ggag                                                            
   1,213,311      636.803   ctgc                                                            
     991,549      620.899   aaaaa                                                           
   1,188,405      605.928   caga                                                            
   3,122,221      604.740   gct                                                             
   1,186,139      603.119   gaag                                                            
   1,185,046      601.764   tgga                                                            
   1,180,755      596.445   attt                                                            
   1,175,969      590.512   gcag                                                            
   1,169,029      581.909   agga                                                            
   3,106,467      574.883   ctc                                                             
   3,099,556      561.786   gca                                                             
   1,137,523      542.853   aaag                                                            
   3,088,434      540.708   gtg                                                             
   1,135,597      540.466   tgaa                                                            
   3,087,984      539.855   caa                                                             
   3,078,125      521.170   ttc                                                             
   3,062,556      491.665   ttg                                                             
   1,094,168      489.109   tttg                                                            
   1,093,276      488.003   tgtg                                                            
   1,085,174      477.959   cagg                                                            
   1,074,126      464.264   agag                                                            
   1,061,148      448.176   ttct                                                            
   3,033,768      437.107   ggc                                                             
   1,051,206      435.852   gagg                                                            
   1,049,871      434.197   gaga                                                            
   1,044,270      427.253   agca                                                            
   1,038,001      419.482   tctg                                                            
   1,026,155      404.797   ccca                                                            
   1,021,041      398.458   tgct                                                            
   1,020,614      397.929   ggaa                                                            
   1,019,906      397.051   cttt                                                            
   1,004,053      377.399   ctgt                                                            
   1,003,467      376.673   tcct                                                            
   1,002,348      375.285   ctcc                                                            
   3,001,047      375.095   tcc                                                             
   1,000,746      373.300   ctga                                                            
     997,097      368.776   cctc                                                            
     652,890      363.508   ttttt                                                           
     983,292      351.663   caaa                                                            
     971,046      336.482   taaa                                                            
     970,604      335.934   tcag                                                            
     968,336      333.123   acag                                                            
     965,292      329.349   tgca                                                            
     963,287      326.864   tggg                                                            
     959,521      322.196   ttca                                                            
     957,411      319.580   tttc                                                            
     954,293      315.715   ttta                                                            
     950,381      310.865   gcca                                                            
     949,633      309.938   agct                                                            
     949,630      309.934   cttc                                                            
