   4,826,900    4,655.079   aa                                                              
   4,664,985    3,959.213   tg                                                              
   4,478,843    3,159.226   tt                                                              
   4,434,212    2,967.414   ag                                                              
   4,383,730    2,750.457   ca                                                              
   1,754,338    2,688.036   aaa                                                             
   1,580,341    2,117.632   ttt                                                             
   4,235,940    2,115.296   ct                                                              
   1,518,214    1,913.965   ctg                                                             
  15,973,206    1,807.051   a                                                               
   1,469,349    1,753.773   cag                                                             
   1,331,732    1,302.632   aga                                                             
   4,013,282    1,158.374   cc                                                              
   1,285,784    1,152.003   tgg                                                             
   3,980,764    1,018.621   ga                                                              
     702,889    1,008.488   aaaa                                                            
   1,240,201    1,002.571   gaa                                                             
   1,230,369      970.339   aag                                                             
   1,220,944      939.442   cca                                                             
   1,214,601      918.648   cct                                                             
   1,198,594      866.173   gag                                                             
   1,181,628      810.555   gga                                                             
   1,156,435      727.966   tga                                                             
     571,228      725.791   tttt                                                            
  15,380,872      707.204   t                                                               
   1,143,290      684.874   tgt                                                             
   1,126,579      630.091   agg                                                             
   3,878,681      579.896   gg                                                              
   1,107,316      566.942   tct                                                             
   1,095,759      529.056   agc                                                             
   1,094,753      525.758   ccc                                                             
   1,092,966      519.899   gcc                                                             
     460,889      488.876   agaa                                                            
   1,078,160      471.362   atg                                                             
     452,319      470.475   cctg                                                            
   1,077,033      467.667   ctt                                                             
   1,073,076      454.695   tca                                                             
   1,071,620      449.922   tgc                                                             
     439,356      442.642   ctgg                                                            
     432,980      428.952   gctg                                                            
     427,514      417.215   ccag                                                            
     421,428      404.148   cagc                                                            
     416,427      393.410   aaga                                                            
   1,054,153      392.661   aat                                                             
   1,050,854      381.846   att                                                             
     410,712      381.139   aaat                                                            
     409,735      379.041   ggag                                                            
     407,025      373.222   ctgc                                                            
   1,047,600      371.179   aca                                                             
     335,255      365.156   aaaaa                                                           
     403,201      365.012   gaaa                                                            
   1,045,616      364.675   gct                                                             
     395,140      347.703   tgga                                                            
     394,891      347.169   attt                                                            
     394,195      345.674   gaag                                                            
     392,903      342.900   caga                                                            
     392,887      342.866   gcag                                                            
   1,038,859      342.524   gtg                                                             
     391,521      339.933   agga                                                            
   1,035,668      332.063   ctc                                                             
   1,034,741      329.024   gca                                                             
   1,031,729      319.150   ttc                                                             
     374,929      304.307   aaag                                                            
     374,423      303.221   tgaa                                                            
   1,024,122      294.212   ggc                                                             
     368,576      290.666   tgtg                                                            
   1,021,988      287.216   ttg                                                             
     366,545      286.305   cagg                                                            
     365,010      283.010   tttg                                                            
     358,000      267.958   agag                                                            
     357,996      267.949   ttct                                                            
     356,857      265.504   gagg                                                            
     349,087      248.820   gaga                                                            
     348,087      246.673   tctg                                                            
   1,009,581      246.543   caa                                                             
     347,421      245.243   agca                                                            
     341,683      232.923   tgct                                                            
     341,640      232.831   cttt                                                            
     339,926      229.150   ggaa                                                            
     338,191      225.425   ctgt                                                            
     337,454      223.843   ccca                                                            
     336,461      221.710   tcct                                                            
     333,528      215.413   cctc                                                            
     218,842      211.723   ttttt                                                           
     331,331      210.696   ctcc                                                            
     331,060      210.114   ctga                                                            
     996,419      203.395   tcc                                                             
     325,976      199.198   tcag                                                            
     324,733      196.529   tggg                                                            
     323,214      193.267   caaa                                                            
     322,394      191.506   tgca                                                            
     322,214      191.120   ttca                                                            
     322,105      190.886   taaa                                                            
     321,075      188.674   tttc                                                            
     320,467      187.369   acag                                                            
     320,347      187.111   ttta                                                            
     318,991      184.200   cttc                                                            
     317,111      180.163   agct                                                            
     316,851      179.605   gcca                                                            
