   2,975,607    4,185.267   aa                                                              
   2,794,480    3,145.906   tg                                                              
   1,157,095    2,627.602   aaa                                                             
   2,692,589    2,561.225   ag                                                              
   2,643,900    2,281.834   ca                                                              
   2,600,162    2,030.852   tt                                                              
   2,559,262    1,796.156   ct                                                              
     928,091    1,618.781   ctg                                                             
     907,727    1,529.072   ttt                                                             
     905,660    1,519.967   cag                                                             
   9,643,368    1,512.201   a                                                               
   2,458,767    1,219.486   cc                                                              
     543,045    1,176.263   aaaa                                                            
     801,728    1,062.120   aga                                                             
     787,004      997.257   tgg                                                             
   2,398,965      876.324   ga                                                              
     752,655      845.941   cca                                                             
     743,701      806.496   cct                                                             
     740,368      791.814   gaa                                                             
     740,136      790.792   aag                                                             
     729,532      744.078   gag                                                             
     717,578      691.418   gga                                                             
   2,364,225      676.976   gg                                                              
     694,419      589.397   agg                                                             
     693,443      585.097   tga                                                             
     328,641      550.659   tttt                                                            
     685,133      548.489   ccc                                                             
     324,322      533.046   aaaaa                                                           
     667,021      468.701   tgt                                                             
     665,994      464.177   agc                                                             
     661,897      446.129   tct                                                             
     653,928      411.023   gcc                                                             
     279,628      407.645   cctg                                                            
     275,379      395.247   agaa                                                            
     271,436      383.742   ctgg                                                            
     267,889      373.392   ccag                                                            
     264,293      362.899   gctg                                                            
     642,358      360.055   tgc                                                             
     260,657      352.290   cagc                                                            
     636,240      333.103   ctt                                                             
     635,124      328.187   tca                                                             
     634,643      326.068   ctc                                                             
     251,146      324.538   aaga                                                            
     633,388      320.539   atg                                                             
     249,150      318.714   ggag                                                            
     246,701      311.568   ctgc                                                            
     630,531      307.954   gct                                                             
     243,862      303.284   gcag                                                            
     627,675      295.372   gtg                                                             
     626,755      291.319   gca                                                             
     238,958      288.975   tgga                                                            
     238,808      288.537   gaag                                                            
     238,152      286.623   agga                                                            
     624,980      283.500   aca                                                             
     236,639      282.208   gaaa                                                            
     235,794      279.743   caga                                                            
     234,082      274.747   aaat                                                            
     241,815      273.956   aaaaaa                                                          
     233,528      273.131   cagg                                                            
     223,539      243.984   attt                                                            
     223,134      242.803   aaag                                                            
     222,478      240.888   tgaa                                                            
     614,127      235.690   tcc                                                             
   9,097,631      229.476   t                                                               
     218,120      228.172   agag                                                            
     216,729      224.114   tgtg                                                            
     610,406      219.298   ggc                                                             
     214,979      219.007   gagg                                                            
     214,018      216.203   ccca                                                            
     609,124      213.650   ggg                                                             
     211,960      210.198   tttg                                                            
     211,808      209.755   agca                                                            
     211,527      208.935   gaga                                                            
     209,547      203.157   tctg                                                            
     606,578      202.435   ttc                                                             
     209,136      201.958   ttct                                                            
     207,215      196.353   ctcc                                                            
     604,904      195.060   caa                                                             
     206,702      194.856   ctgt                                                            
     604,809      194.642   aat                                                             
     206,147      193.237   cctc                                                            
     604,146      191.721   att                                                             
     205,445      191.188   tcct                                                            
     203,029      184.139   ggaa                                                            
     202,542      182.718   tgct                                                            
     202,465      182.493   tggg                                                            
     201,726      180.337   ctga                                                            
     600,565      175.946   ttg                                                             
     199,613      174.171   cttt                                                            
     127,962      171.371   ttttt                                                           
     197,375      167.641   tcag                                                            
     205,816      164.584   aaaaaaa                                                         
     195,990      163.600   agct                                                            
     195,468      162.077   gtgg                                                            
     195,048      160.851   acag                                                            
     193,971      157.709   tgca                                                            
     192,863      154.476   ccct                                                            
     192,147      152.386   cttc                                                            
     191,643      150.916   gcca                                                            
